R_cal:  399.86 MegOhms
DAC:  V_out = 1.00022*V_set + 0.00339

I_cal(nA) = (1.00022*V_set + 0.00339)/399.86e-3