B_uRWell:2:imon 0.000000000001
B_uRWell:3:imon 0.000000000001
